Sum of Sales,Column Labels,,,,
Row Labels,Frozen Yogurt,Ice Cream,Popsicles,Tasty Treats,Grand Total
January,228816,157683,21321,105516,513336
February,158479.5,185982,42389.5,134493.75,521344.75
March,91005.2,65174.6,79937.3,187087.6,423204.7
April,22642.4,349396.8,39292.2,229163,640494.4
May,4133.4,264404.8,121902.1,38072.1,428512.4
November,47260.2,212304.5,17064.8,106522.2,383151.7
December,97740.8,144627.5,62905.7,39259,344533
Grand Total,650077.5,1379573.2,384812.6,840113.65,3254576.95
